A_out: (-380.015625 + i-444.015625) + (259.984375 + i99.984375) = -60.015625 + i-172.015625
diff_real: -320.000000, diff_imag: -272.000000
B_out: ((-380.015625 + i-444.015625) - (259.984375 + i99.984375)) *(0.999969 + i-0.000092) = -640.031250 + i-543.968750 (expecting -96.01550 + i-1183.97909)